layout_spectrum: 0.44042896083556116
typography_spectrum: 0.7146425456739962
color:
  brandStrength: 0.9023531940765679
  lightness: 0.45441545778885484
  saturation: 0.20175133529119194
  rhythmicContrast: 0.43322659842669964
name: ARCHMATERIUS
